18922131813089
43094432545581
47373525275956
21684734286799
10227217198311
62226920661291
82044659994179
6800567534975
87890899331116
69576552334898
29775019567120
68756978848171
6762459583522
76277331505264
59425501669253
17960126160900
73616925036853
95845302775000
6877850183217
78046941298866
19099762612326
54975556091575
62745151630969
60613285343570
37273113217216
89883961504648
17302678536639
33209067254947
6194320046549
31729130314232
78388142815401
14802693642940
43491626485750
67580863776477
66287767307542
26128263884783
3866366534479
54748753633637
31093882329648
85721190993715
37936620452241
23654950889126
73202180185462
32315512613003
50330978021116
19160227837627
12517372722319
60173758170695
91990094252417
29461670269098
68450692380058
35770801665989
75405007840131
99149983069235
12033034097213
78334799900109
86645311170361
94694522288502
15412230539660
8965759215624
10289087385459
33338105741381
61868830562492
95585102069481
90082867577382
48977524917433
44903048644088
19006129918745
42335783206232
70632739262241
24202839468963
58027217203951
1534619103459
18470504501076
39455092165262
56239059268180
41430841460765
22491867089082
45032771271274
96801245668654
16059901144905
59048448084661
2768390189065
65592070089479
44839469104031
66954717344729
92881779502195
20505544190980
96062507777501
74957369599434
47501564125514
48712640795439
25557776142920
97719981979682
14524789279442
74506689049316
28562177674507
85289775973234
11015925856212
65866830263746
27885067281416
15532274570206
34205899494494
94251849480431
22238221996522
83944350652624
29297609417195
98685829391438
21006938574094
26658193471329
21653314805433
76300203645494
45827607239909
82783197953941
52755038309951
32489446813903
75511037571520
82589803263505
60675976080056
76545630154132
77130475715442
99165068268435
20838354492572
78618898338901
62498650025187
10412385697137
29778251419766
70832483302937
81505980039874
55028201506181
12578460103342
96336297805749
98306148083787
18045033664776
94958273192481
46526236557744
69931923588633
68551086062566
45188416649993
56434856484517
12438231038980
21946989544251
92762200722399
10573169856458
26547549029983
46326638059301
81944832498568
21378929170329
28995794013778
56212003785006
76260262990878
20957762723725
46954765580401
80730342300422
49062597969811
82334530727417
71936553517742
29596985313460
9391534012041
60628695935879
43684103338305
46955682275463
25387785904706
84855284623689
60898035767293
57551977935931
92993541948560
7744615530154
61314279853361
4351780406683
73190006080965
25639205897711
4795716145222
60096690744400
54478509499194
90145325090179
96482842668889
4508496269821
92389157297534
78292226870201
50270983853870
60988884103599
92125520289222
60831408965551
329019419606
88541575552023
31265932490446
46223235320553
88168426960565
25735391057370
89113363175657
8308009142760
97041649312396
77088138686093
92663455128943
98698007312063
17058949056216
53006851629187
21558461455461
69711358690670
30840954547027
76115164947303
21765970076323
36481718921365
57417585692751
19355753638413
35708517515920
77959639673181
61065543679731
11338860456417
95884020187429
68510351555115
4076950961425
96720200169903
41003393790864
41966036121382
21917813800385
80372216090069
61661973436073
90582774727429
18076506193606
72950332621591
28495739961983
18289704128236
5416426875103
62808505029297
40310782256055
64114000513747
35079549568989
1863301939214
81388073818781
3666526692535
62429148876169
6780061347808
34246751642770
22505505024657
30169805062830
12556517094915
86145049410892
39203002976193
13749752018857
91086473371362
15092749010865
62402605756570
18228195196137
88035646204200
16092252721723
17874148047258
75225324276050
16119116013968
63017728163734
70100669082632
31809658272941
46719060375960
6307003484119
98790973533180
5111836553371
3092125814318
88695574937767
7019655309175
59190448995965
87638127996906
87985707584185
79745509738208
25605063142085
33968157513975
88639029561311
3532912626129
62701468699598
71734584376669
48855981467610
21142397730340
88875864397720
30959152665116
8090722501819
28998241537032
87240741263616
52026491242281
97354071809276
3998346190936
8117667387917
12728552054999
22016406457480
90810206648435
52006495652332
87939180281569
57385851099582
14171381450696
65985369692462
98474443022846
75252668001998
18032295649260
22812692600946
30321910715877
5165447628162
4349171084553
29231864686211
71748387252385
30724752264850
64357167598395
70654515117682
5299896090999
83060430887546
57785757700319
33937997886400
33912786449395
45390944281253
91984956105985
36298099874940
16341152032572
99133320895472
15074472372767
42283282121565
53207511351335
59515086431012
67064451547292
79695974320507
24657010879582
80055789616191
12232313597692
78776423535918
51084105034966
77647415141954
41515634333479
40293212950814
6848335293941
14082022329446
59600735471224
14309410849573
74138412945420
84271324723580
68290087473307
91495259236953
66800608484770
697514924646
72751224847408
59684265916621
96751415531437
47172404337675
72407444968081
79889016965204
75339174317058
20528499132092
2898005571832
79758988445365
86345213374680
37545863582938
40161018196301
93500815335805
82877673137102
58608146328827
57398526310993
94611289088999
97062001075476
85221166384847
5591132363139
13849058081343
68269465039970
40226017654428
3451928322282
58394565887066
52763739337628
38727717214895
70019878446852
51661418698197
51409081782786
97209172598119
86565357766814
43398842996295
87093905932303
4329265236180
32264999652375
16046008531636
77317927316544
89589511160570
6109323082300
48790584675356
74448240374710
67053068892891
16314945023062
14123257523468
90237353199088
79847422301705
11733274614955
2893204571453
76072060085050
65015423397922
94204331200917
90130069213444
12648708957079
58776471732565
50338798218057
6042126060227
70490206292705
26028303956127
53125176863866
21628280563167
40101947549758
6436284359732
41327330909541
45127457537458
61039156147020
20336810052809
92072852340290
49333493345644
89610912715920
19246305889370
20931593214597
97520247128227
42425895872830
98589305278682
15642187839050
75322528576808
37232290213436
44536096076658
38286125631693
69854547033064
78223223898857
93330280382600
10616091438664
25446832452306
62641218205301
25545327235222
57543145756797
27697157707527
20786620147715
13753431400692
39017766336157
58789396175196
49400239988561
34320811807763
56988142086825
56878430915080
15284554810799
22052595139958
39681317009050
98877295051395
14385571265299
82404481207849
53231195195354
19265230429228
81303233995065
95323803187457
98943518483264
90287801484450
1110904040210
75714110419588
63786500994426
80046990024771
94486502158962
71849749203497
87955875814163
38109064756000
62262191983173
74162261974307
66320649608411
29541590230733
91409290229272
10662745125198
77121388684371
56336477842176
85017503337511
32540030930025
27315496996831
97990815267687
40057029701796
87337167835233
74196097172540
29404294395679
70329383083216
50144900725281
16047538356064
91694576611316
17357702482797
29069733427206
16796471084394
49364237100576
1927474349755
49720171343663
37193687418274
44230652102480
48045322814692
8737624094464
66942965792372
8925416568467
43365084364002
31628052537869
54269396781476
68851309207249
63777672587996
58426304304771
24626578983000
67900557913848
36744762617237
99399917249407
11118122649949
51313488441587
24468587936071
2062149527221
72559073669388
10354332921406
85863842986464
83900232813562
92576546414336
98794054036946
26592502020670
33969583981446
86387604700043
73313512419353
22618087459496
76837986091144
21865421631546
94528613604271
34646032207322
93761589819371
480506168398
15050741268473
20135212340037
3806959806071
82732925657255
39281624243591
62372720984515
74770288451827
70092739414883
26528398057456
64254778110980
88051305109495
48255566066043
90648012795962
80279293738060
87705983097908
15958002205818
78457525197540
85474519382600
49181489894544
57612012386515
61602975962473
14174401540569
61917244429995
53690608970185
28030579796019
10098147507244
6508193959590
87529719621782
33137934175127
26296754450617
60051915349126
89984952601574
39777114084180
49816611840800
89675426293933
5100864963533
301513748047
54493534306000
4487475454959
11473172138783
58344622822113
34416235616489
59505704539020
75456360054719
44109417805536
59448540032169
33197809356940
68359766350176
69897365123411
93888848847757
22983486863173
74932119018004
31517158900719
221941674450
14421902081474
7755058571874
54108724882330
34665974100212
16876127976668
38350152959817
95184603770146
74417967115972
39694377135335
97960834340382
87780729308834
30886465698757
28025810398059
80167118506872
40085679468027
25042840658883
43847909748463
31923315158117
94357349796354
84588326731489
54052810007991
82121463645550
98815430121028
78528119707427
77772930447630
10701839144988
13771834777023
85715154113148
46490976542436
54497571363774
80489190439919
1805677969275
17742474251535
55788652572793
10876378967884
59988854730062
69796011751364
51915840954111
97652723354159
65600220082280
29232795065570
20438002955755
57075338858744
53926914769226
79816722800393
68243534009098
81169859090938
9011901103055
66205582646467
49653822685346
65719722701501
16833407396212
37717789185590
11689475621886
54919917457575
66904095009980
15241848463095
32843285736333
20257437529076
48046284764881
68063612301979
75212624045102
96705544832494
27071227639047
23881609548845
82419236207395
96568757453978
57350119631855
16984789059116
97955942923354
45618488733586
64432710582222
42816270117744
31294706115136
46340146924795
51446269760774
74615853537086
86404897306139
85470313276669
41815914359545
48926105392755
55277377018210
63372634114658
72006930563625
41233499424408
38824962410056
32231713103612
6088959664210
12825086053814
30913559010532
85686416258329
94120481208575
418477826500
93263681032795
74129504556407
14476308662877
6615981256675
12737214544747
51877180703860
79413745881889
46584692683753
80275524753654
66355004158732
76905535942230
48634675650626
94448207377857
93697692666267
25494144154555
60419016243553
54509154605052
36204555267637
89986500881583
66085415943538
50580069657336
39017556981203
83987337754548
38181274189410
72325102834104
29532480642683
61948505079086
48090281784861
10818530086021
71980028544333
44483081666408
32492239330291
76548182909275
29704942037803
1715462109067
81936084765695
96173780858714
61421761379522
28167904959479
52310577779330
41724893984622
14174628303202
70155624544743
72187736212278
49325724811119
45792433686538
80902750821739
59843968710684
20526973003282
2002998007597
29612217511360
54178941565172
31668766472463
44769782145255
35965844991668
90205473567371
15275609034606
11018570081541
7468685870815
30320987947567
42659007713748
36154606627030
35537047425578
28938613725260
95332021278394
46530284392343
97463895038341
48856175440735
60170164377099
65176874917499
44711412781334
25463778080713
23771570584955
53711114532428
59881522705357
77011423396253
98532207938603
39143858442719
60578000836190
14209843170168
42610996428655
40742292080461
22402138714868
42186191631367
51896726657449
56277648651547
55388574970726
39253117349111
14812420455155
80458984035616
83887383421460
79997696728360
18530509654625
18546818987105
53703144594796
71503240168757
52855219322105
99508800491629
55623179503589
60687302008270
6392703101660
23918623890738
80795456905431
22760078244666
41902935774632
63152299594750
41018208603587
91006696859097
66611144414248
22814924505687
43515718353956
1865728323121
7612578908922
5735895052689
77573053190579
95591384779462
22520899453425
39991242381755
2217828664244
33263665702884
74237252931600
44693235375852
41926993300910
62454737041542
6343666978194
14835534187774
97812330113643
82174369429481
74655285484479
64792760152552
64268534395795
41433713860299
93139564198935
9329253498098
21664912011968
90739623576564
26752383344003
78199718328965
2968542274630
14803516246245
1641508657615
12862649196112
30000907532892
66051535821101
60976592579368
35212536534981
74223215440004
34882732408357
99124657988125
75449149185562
71567375832237
96942008802047
53522258475257
29270865591482
37561577831899
91772919537466
26184241750939
8175102615085
92223531260126
15246443024775
59375492703915
1952465723277
76924186627037
10976989742827
25108360329487
86934605548377
12517047137825
45611295276373
40039240348685
80722844222668
49749951666116
1034216588406
57411843850292
50344246288453
80300135314822
48429243947787
54270983743301
84198642132760
64338445526845
72153111850891
52478507367211
25354174803479
1837441298737
66111019123239
70715302627712
42095933052962
87541561871481
50732499706816
39950915012544
35079519277734
57743915910592
24102224112469
44202183544205
29088080609290
29326824031299
65782966758092
96813171022229
47713240896512
80795184655090
33693628599322
25269214050578
92469979290271
2976491116984
2925931059654
68264093640317
71104094154600
35451632030808
44942550187208
81960148580397
83186374488809
39406976075039
32126637385429
42934997328836
95601337516597
35904117321443
85464404139001
39818228984250
25272806392164
20525342198478
47348463965673
47629750315640
24476375077719
57106407951437
52300009113886
55786211817366
66849015813947
38700183848239
65515650772521
84180427487671
65534087805533
93091806991714
69601915853910
64190642129435
13385413321963
82149290735340
39609291434322
27444239619170
74685299413743
76852785614199
99839545240983
53314014299429
17789043797371
29298364336747
76323324456966
77248960848108
69099473301218
62105877580721
10078605072442
14190646246160
12175478398438
14121694202746
57981994222873
56588056204858
37015233025867
89190926915917
97039633608496
97061063181869
22772447057878
56102487373444
67886497945134
63410145938698
69388256139429
72745791375991
48538191401819
92532031521089
80997127209357
53452790122769
28513044576135
84834659222634
51234991970809
81658917370294
83584684871898
1932808594741
40097099463738
35770278644966
91424971003636
82313216462393
60271789789114
21632557247932
91814976460053
45025929176041
36650455367249
80297940475762
38291156979329
65434758359596
58749374144708
70394624425307
42963488466648
39248241731836
1230288692155
93265325125240
74909274008548
6045253143912
16339331534815
80417713632520
53070723249982
98405678943294
10404025488637
42098860080129
35833938172248
21593561024787
5708665596809
30578653884874
84387267176310
72159303083686
91830356076824
17767911462381
5127949013133
77150549090849
59981979418265
93146870033227
79316591872689
1069175811299
34940802148084
63429977661598
44756868637227
82433182745878
40827897625992
96973596542088
51093638920327
59367550168625
58154469083251
79467556832637
72221284875316
32973538554391
29157521942933
98235774019478
65393418461631
38294344014246
98218343197021
17086587509802
9496822708096
85465908834211
25926816655346
90110223714788
94329282085491
57662296249003
